%YAML:1.0
camera_name: duo_left
image_width: 752
image_height: 480
camera_matrix:
   rows: 3
   cols: 3
   data: [ 3.9410215099999999e+002, 0., 3.7759820100000002e+002, 0.,
       3.9370556699999997e+002, 2.4449070900000001e+002, 0., 0., 1. ]
distortion_coefficients:
   rows: 1
   cols: 4
   data: [ -1.2959267866822635e-001, 2.7889205407297175e-002,
       -5.6620207889155845e-002, 3.0291041145216017e-002 ]
distortion_model: plumb_bob
rectification_matrix:
   rows: 3
   cols: 3
   data: [ 7.9561575130970330e-001, -6.0580159810609313e-001, 0.,
       6.0580159810609313e-001, 7.9561575130970330e-001, 0., 0., 0., 1. ]
projection_matrix:
   rows: 3
   cols: 4
   data: [ 9.2878521788068588e+002, 0., 4.3349345016479492e+002, 0., 0.,
       9.2878521788068588e+002, 1.8969174981117249e+002, 0., 0., 0., 1.,
       0. ]
