%YAML:1.0
camera_name: duo_right
image_width: 752
image_height: 480
camera_matrix:
   rows: 3
   cols: 3
   data: [ 3.9302602400000001e+002, 0., 3.3521631600000001e+002, 0.,
       3.9220949400000001e+002, 2.4519985800000001e+002, 0., 0., 1. ]
distortion_coefficients:
   rows: 1
   cols: 4
   data: [ -1.3284599932238020e-001, 3.7609866033249555e-002,
       -7.3150863774564229e-002, 3.9163048391638894e-002 ]
distortion_model: plumb_bob
rectification_matrix:
   rows: 3
   cols: 3
   data: [ 9.9989539578795594e-001, 1.4463660741564799e-002, 0.,
       -1.4463660741564799e-002, 9.9989539578795594e-001, 0., 0., 0., 1. ]
projection_matrix:
   rows: 3
   cols: 4
   data: [ 9.2878521788068588e+002, 0., 4.3349345016479492e+002,
       -2.7762210335459506e+004, 0., 9.2878521788068588e+002,
       1.8969174981117249e+002, 0., 0., 0., 1., 0. ]
